tiempo=187.5s
======================================================================================================================
v200_vpt20  barras=508666  2024-01-01 23:00:00 -> 2025-06-30 23:59:00  trades=144  variantes_pendientes_al_final=5
======================================================================================================================
 variant            name  trades  winrate    net    pf  maxdd  max_streak  sequences  sequence_wins  sequence_failures  failure_pct  after_hours_entries  skipped  next_step  unrecovered
       0    REC_TT_CAP30       4    75.00   3.40 2.650   2.06           1          3              3                  0          0.0                    0        0          0          0.0
       1    REC_TT_CAP35       4    75.00   3.40 2.650   2.06           1          3              3                  0          0.0                    0        0          0          0.0
       2    REC_TT_CAP40       4    75.00   3.40 2.650   2.06           1          3              3                  0          0.0                    0        0          0          0.0
       3    REC_TT_CAP45       4    75.00   3.40 2.650   2.06           1          3              3                  0          0.0                    0        0          0          0.0
       4    REC_TT_CAP50       4    75.00   3.40 2.650   2.06           1          3              3                  0          0.0                    0        0          0          0.0
       5    REC_TT_CAP60       4    75.00   3.40 2.650   2.06           1          3              3                  0          0.0                    0        0          0          0.0
       6   REC_TT_3PASOS       4    75.00   3.40 2.650   2.06           1          3              3                  0          0.0                    0        0          0          0.0
       7   REC_TT_4PASOS       4    75.00   3.40 2.650   2.06           1          3              3                  0          0.0                    0        0          0          0.0
       8 REC_TT_DINAMICO       4    75.00   3.40 2.650   2.06           1          3              3                  0          0.0                    0        0          0          0.0
       9    REC_TT_OBJ05       4    75.00   2.90 2.407   2.06           1          3              3                  0          0.0                    0        0          0          0.0
      10    REC_TT_OBJ20       4    75.00   6.00 3.912   2.06           1          3              3                  0          0.0                    0        0          0          0.0
      11    REC_TT_OBJ30       5    60.00   9.00 3.691   2.06           1          3              3                  0          0.0                    1        0          0          0.0
      12     REC_TT_SL10       5    40.00   2.20 1.183  12.00           3          2              2                  0          0.0                    1        0          0          0.0
      13     REC_TT_SL15       5    40.00   2.20 1.129  17.06           3          2              2                  0          0.0                    1        0          0          0.0
      14     REC_TT_SL20       4    75.00   3.40 2.650   2.06           1          3              3                  0          0.0                    0        0          0          0.0
      15   REC60_FT10_10      16    37.50 -14.02 0.588  22.00           5          2              6                  1         50.0                    5        0          1          2.0
      16   REC60_FT12_10      16    37.50 -11.62 0.659  22.00           5          2              6                  1         50.0                    5        0          1          2.0
      17   REC60_FT15_10      16    31.25 -12.02 0.684  22.00           5          2              5                  1         50.0                    5        0          1          2.0
      18   REC40_FT10_10      17    41.18 -12.60 0.630  22.00           5          3              7                  1         33.3                    4        1          1          2.0
      19 REC60_FT_STRICT      16    37.50 -14.02 0.588  22.00           5          2              6                  1         50.0                    5        0          1          2.0

-- motivo de salida --
        count     sum  mean
reason                     
SL         71 -231.42 -3.26
TIME        4   15.12  3.78
TP         69  208.32  3.02

-- kind 0=TT 1=FT_band 2=FT256 --
      count    sum  mean
kind                    
0        83  83.62  1.01
1        61 -91.60 -1.50

-- after_hours --
             count    sum  mean
after_hours                    
0              117  87.62  0.75
1               27 -95.60 -3.54

-- paso de escalera --
      count    sum  mean
step                    
0        83 -41.02 -0.49
1        41  43.78  1.07
2        13  -1.80 -0.14
3         7  -8.94 -1.28
