tiempo=185.7s
======================================================================================================================
v210_vpt20  barras=508666  2024-01-01 23:00:00 -> 2025-06-30 23:59:00  trades=143  variantes_pendientes_al_final=5
======================================================================================================================
 variant            name  trades  winrate   net    pf  maxdd  max_streak  sequences  sequence_wins  sequence_failures  failure_pct  after_hours_entries  skipped  next_step  unrecovered
       0    REC_TT_CAP30       4    75.00   3.4 2.650   2.06           1          3              3                  0          0.0                    0        0          0          0.0
       1    REC_TT_CAP35       4    75.00   3.4 2.650   2.06           1          3              3                  0          0.0                    0        0          0          0.0
       2    REC_TT_CAP40       4    75.00   3.4 2.650   2.06           1          3              3                  0          0.0                    0        0          0          0.0
       3    REC_TT_CAP45       4    75.00   3.4 2.650   2.06           1          3              3                  0          0.0                    0        0          0          0.0
       4    REC_TT_CAP50       4    75.00   3.4 2.650   2.06           1          3              3                  0          0.0                    0        0          0          0.0
       5    REC_TT_CAP60       4    75.00   3.4 2.650   2.06           1          3              3                  0          0.0                    0        0          0          0.0
       6   REC_TT_3PASOS       4    75.00   3.4 2.650   2.06           1          3              3                  0          0.0                    0        0          0          0.0
       7   REC_TT_4PASOS       4    75.00   3.4 2.650   2.06           1          3              3                  0          0.0                    0        0          0          0.0
       8 REC_TT_DINAMICO       4    75.00   3.4 2.650   2.06           1          3              3                  0          0.0                    0        0          0          0.0
       9    REC_TT_OBJ05       4    75.00   2.9 2.407   2.06           1          3              3                  0          0.0                    0        0          0          0.0
      10    REC_TT_OBJ20       4    75.00   6.0 3.912   2.06           1          3              3                  0          0.0                    0        0          0          0.0
      11    REC_TT_OBJ30       5    60.00   9.0 3.691   2.06           1          3              3                  0          0.0                    1        0          0          0.0
      12     REC_TT_SL10       5    40.00   2.2 1.183  12.00           3          2              2                  0          0.0                    1        0          0          0.0
      13     REC_TT_SL15       5    40.00   2.2 1.129  17.06           3          2              2                  0          0.0                    1        0          0          0.0
      14     REC_TT_SL20       4    75.00   3.4 2.650   2.06           1          3              3                  0          0.0                    0        0          0          0.0
      15   REC60_FT10_10      16    43.75 -12.6 0.607  20.00           4          3              7                  1         33.3                    3        0          1          2.0
      16   REC60_FT12_10      16    43.75  -9.8 0.694  20.00           4          3              7                  1         33.3                    3        0          1          2.0
      17   REC60_FT15_10      16    37.50  -9.6 0.734  20.00           4          3              6                  1         33.3                    3        0          1          2.0
      18   REC40_FT10_10      16    43.75 -12.6 0.607  20.00           4          3              7                  1         33.3                    3        0          1          2.0
      19 REC60_FT_STRICT      16    43.75 -12.6 0.607  20.00           4          3              7                  1         33.3                    3        0          1          2.0

-- motivo de salida --
        count     sum  mean
reason                     
SL         66 -221.42 -3.35
TP         77  220.52  2.86

-- kind 0=TT 1=FT_band 2=FT256 --
      count   sum  mean
kind                   
0        83  73.3  0.88
1        60 -74.2 -1.24

-- after_hours --
             count     sum  mean
after_hours                     
0              125   99.82   0.8
1               18 -100.72  -5.6

-- paso de escalera --
      count    sum  mean
step                    
0        87 -14.82 -0.17
1        36  24.66  0.68
2        13  -1.80 -0.14
3         7  -8.94 -1.28
