tiempo=185.7s
======================================================================================================================
v210_vpt1  barras=508666  2024-01-01 23:00:00 -> 2025-06-30 23:59:00  trades=70  variantes_pendientes_al_final=5
======================================================================================================================
 variant            name  trades  winrate   net    pf  maxdd  max_streak  sequences  sequence_wins  sequence_failures  failure_pct  after_hours_entries  skipped  next_step  unrecovered
       0    REC_TT_CAP30       0     0.00  0.00 0.000   0.00           0          0              0                  0          0.0                    0        8          0          0.0
       1    REC_TT_CAP35       0     0.00  0.00 0.000   0.00           0          0              0                  0          0.0                    0        8          0          0.0
       2    REC_TT_CAP40       0     0.00  0.00 0.000   0.00           0          0              0                  0          0.0                    0        8          0          0.0
       3    REC_TT_CAP45       0     0.00  0.00 0.000   0.00           0          0              0                  0          0.0                    0        8          0          0.0
       4    REC_TT_CAP50       0     0.00  0.00 0.000   0.00           0          0              0                  0          0.0                    0        8          0          0.0
       5    REC_TT_CAP60       0     0.00  0.00 0.000   0.00           0          0              0                  0          0.0                    0        8          0          0.0
       6   REC_TT_3PASOS       0     0.00  0.00 0.000   0.00           0          0              0                  0          0.0                    0        8          0          0.0
       7   REC_TT_4PASOS       0     0.00  0.00 0.000   0.00           0          0              0                  0          0.0                    0        8          0          0.0
       8 REC_TT_DINAMICO       5    60.00  3.00 5.485   0.41           1          3              3                  0          0.0                    1        0          0          0.0
       9    REC_TT_OBJ05       5    60.00  1.26 8.511   0.10           1          3              3                  0          0.0                    1        0          0          0.0
      10    REC_TT_OBJ20       0     0.00  0.00 0.000   0.00           0          0              0                  0          0.0                    0        8          0          0.0
      11    REC_TT_OBJ30       0     0.00  0.00 0.000   0.00           0          0              0                  0          0.0                    0        8          0          0.0
      12     REC_TT_SL10       0     0.00  0.00 0.000   0.00           0          0              0                  0          0.0                    0        8          0          0.0
      13     REC_TT_SL15       0     0.00  0.00 0.000   0.00           0          0              0                  0          0.0                    0        8          0          0.0
      14     REC_TT_SL20       0     0.00  0.00 0.000   0.00           0          0              0                  0          0.0                    0        8          0          0.0
      15   REC60_FT10_10      12    33.33 -0.80 0.467   1.00           4          0              4                  1          0.0                    3        8          1          0.1
      16   REC60_FT12_10      12    33.33 -0.66 0.560   1.00           4          0              4                  1          0.0                    3        8          1          0.1
      17   REC60_FT15_10      12    25.00 -0.65 0.618   1.00           4          0              3                  1          0.0                    3        7          1          0.1
      18   REC40_FT10_10      12    33.33 -0.80 0.467   1.00           4          0              4                  1          0.0                    3        8          1          0.1
      19 REC60_FT_STRICT      12    33.33 -0.80 0.467   1.00           4          0              4                  1          0.0                    3        8          1          0.1

-- motivo de salida --
        count   sum  mean
reason                   
SL         45 -8.53 -0.19
TIME        1  0.26  0.26
TP         24  8.82  0.37

-- kind 0=TT 1=FT_band 2=FT256 --
      count   sum  mean
kind                   
0        10  4.26  0.43
1        60 -3.71 -0.06

-- after_hours --
             count   sum  mean
after_hours                   
0               53  3.23  0.06
1               17 -2.68 -0.16

-- paso de escalera --
      count   sum  mean
step                   
0        35 -0.58 -0.02
1        19  2.47  0.13
2        11  0.66  0.06
3         5 -2.00 -0.40
